%Limits of the Oceanic regions, acquired graphically from Nowicki's paper
% Be careful, long here is between -330 and 30 because of graphic
% limitations, correct this below

Lim_NP = [-238.39779005524858, 23.16455696202531
-234.53038674033147, 23.16455696202531
-226.7955801104972, 24.430379746835428
-223.4806629834254, 25.94936708860758
-214.0883977900552, 25.443037974683534
-211.878453038674, 27.215189873417707
-191.7127071823204, 27.974683544303787
-179.55801104972372, 27.215189873417707
-171.27071823204415, 27.215189873417707
-169.8895027624309, 28.481012658227833
-151.93370165745853, 28.987341772151886
-151.3812154696132, 30.759493670886066
-140.88397790055248, 31.77215189873416
-131.49171270718227, 33.29113924050632
-130.11049723756904, 31.012658227848092
-125.96685082872926, 31.51898734177214
-124.30939226519334, 28.73417721518986
-119.61325966850825, 29.240506329113913
-111.04972375690608, 31.51898734177214
-116.57458563535909, 59.62025316455694
-140.33149171270716, 68.98734177215188
-170.16574585635357, 71.01265822784809
-217.12707182320437, 68.73417721518986
-230.93922651933698, 57.59493670886074
-242.26519337016572, 40.63291139240505
-241.7127071823204, 30.253164556962012];

Lim_ST_Pacif = [-239.22651933701653, 22.40506329113923
-230.11049723756904, 24.177215189873408
-214.0883977900552, 25.189873417721508
-209.94475138121544, 27.72151898734176
-194.75138121546956, 28.227848101265806
-174.30939226519337, 27.974683544303787
-171.27071823204415, 27.72151898734176
-165.46961325966848, 29.493670886075932
-153.59116022099445, 28.73417721518986
-141.98895027624306, 32.02531645569619
-138.67403314917124, 34.05063291139239
-131.21546961325964, 33.797468354430364
-130.66298342541432, 32.27848101265822
-126.79558011049721, 31.51898734177214
-124.30939226519334, 29.493670886075932
-120.71823204419886, 29.240506329113913
-117.40331491712703, 25.94936708860758
-114.08839779005524, 21.392405063291122
-114.08839779005524, 19.873417721518976
-115.74585635359114, 16.83544303797467
-120.16574585635357, 15.06329113924049
-133.42541436464083, 15.569620253164544
-135.3591160220994, 14.810126582278471
-139.50276243093919, 12.784810126582272
-148.06629834254142, 10.253164556962005
-152.7624309392265, 9.240506329113913
-161.32596685082868, 8.22784810126582
-171.27071823204415, 7.215189873417714
-186.1878453038674, 5.189873417721515
-193.37016574585633, 3.6708860759493547
-200.2762430939226, 2.1518987341771947
-207.1823204419889, -0.37974683544304355
-214.64088397790053, 1.6455696202531556
-225.1381215469613, 4.683544303797447
-232.0441988950276, 5.189873417721515
-238.9502762430939, 15.316455696202524];

Lim_T_Pacif = [-207.1823204419889, -0.6329113924050773
-196.68508287292812, 2.4050632911392285
-188.9502762430939, 3.417721518987321
-179.55801104972372, 5.189873417721515
-168.78453038674033, 6.7088607594936605
-157.73480662983422, 8.48101265822784
-149.99999999999997, 9.240506329113913
-146.68508287292815, 10.759493670886059
-143.3701657458563, 11.012658227848092
-135.91160220994473, 13.037974683544292
-134.80662983425412, 15.316455696202524
-124.86187845303866, 15.316455696202524
-118.50828729281767, 15.316455696202524
-114.64088397790056, 18.35443037974683
-113.81215469613261, 22.151898734177202
-106.07734806629833, 20.632911392405056
-104.14364640883974, 17.594936708860743
-97.5138121546961, 15.316455696202524
-91.43646408839777, 15.06329113924049
-87.29281767955797, 11.518987341772132
-83.70165745856349, 9.999999999999986
-79.55801104972375, 8.48101265822784
-67.95580110497235, -0.37974683544304355
-63.53591160220992, -10.253164556962034
-64.6408839779005, -21.39240506329115
-64.91712707182319, -30.253164556962034
-72.9281767955801, -30.253164556962034
-80.3867403314917, -29.493670886075947
-80.3867403314917, -23.67088607594937
-81.21546961325964, -20.632911392405077
-86.18784530386739, -18.101265822784825
-99.44751381215468, -16.582278481012665
-101.93370165745853, -14.8101265822785
-117.67955801104972, -15.063291139240519
-122.9281767955801, -13.29113924050634
-137.0165745856353, -12.784810126582286
-137.292817679558, -11.51898734177216
-144.7513812154696, -11.01265822784812
-158.28729281767954, -8.227848101265835
-168.50828729281764, -6.962025316455708
-171.82320441988946, -5.696202531645582
-179.28176795580106, -4.936708860759509
-189.77900552486184, -3.4177215189873493
-195.8563535911602, -1.3924050632911644];

Lim_ST_SPacif = [-206.62983425414362, -1.3924050632911644
-195.58011049723754, -1.6455696202531698
-191.98895027624306, -3.924050632911417
-183.70165745856352, -4.177215189873422
-178.7292817679558, -4.6835443037974755
-172.09944751381212, -6.708860759493675
-161.32596685082868, -7.721518987341781
-154.41988950276243, -8.734177215189874
-148.06629834254142, -10
-143.09392265193367, -11.01265822784812
-137.0165745856353, -11.772151898734194
-135.08287292817676, -12.531645569620252
-127.34806629834253, -13.03797468354432
-122.09944751381212, -14.050632911392412
-114.64088397790056, -15.822784810126592
-100.55248618784526, -16.075949367088626
-96.68508287292815, -17.088607594936718
-86.74033149171271, -18.35443037974686
-82.59668508287291, -19.620253164556985
-80.110497237569, -24.430379746835456
-81.76795580110496, -29.24050632911394
-90.33149171270719, -30.506329113924068
-94.75138121546956, -33.54430379746836
-97.79005524861878, -34.05063291139241
-99.171270718232, -35.82278481012659
-108.28729281767949, -36.329113924050645
-126.2430939226519, -36.329113924050645
-141.1602209944751, -36.835443037974684
-153.86740331491708, -36.835443037974684
-162.43093922651929, -34.810126582278485
-166.57458563535909, -34.810126582278485
-170.4419889502762, -30.000000000000014
-179.55801104972372, -30.253164556962034
-181.76795580110493, -26.70886075949369
-186.46408839779002, -20.379746835443044
-191.7127071823204, -14.050632911392412
-194.1988950276243, -8.734177215189874
-202.2099447513812, -6.455696202531655];

